60.00000000000003,40.0,1.4196649779900205E-14
60.00000000000003,40.0,1.4182459043616761E-14
60.00000000000003,40.0,1.4168282492158567E-14
60.00000000000003,40.0,1.4154120111346707E-14
60.00000000000003,40.0,1.4139971887016437E-14
60.00000000000003,40.0,1.4125837805017172E-14
60.00000000000003,40.0,1.411171785121247E-14
60.00000000000003,40.0,1.4097612011480025E-14
60.00000000000003,40.0,1.4083520271711642E-14
60.00000000000003,40.0,1.4069442617813231E-14
60.00000000000003,40.0,1.4055379035704789E-14
60.00000000000003,40.0,1.4041329511320386E-14
60.00000000000003,40.0,1.4027294030608154E-14
60.00000000000003,40.0,1.4013272579530272E-14
60.00000000000003,40.0,1.399926514406295E-14
60.00000000000003,40.0,1.3985271710196414E-14
60.00000000000003,40.0,1.3971292263934895E-14
60.00000000000003,40.0,1.3957326791296617E-14
60.00000000000003,40.0,1.3943375278313775E-14
60.00000000000003,40.0,1.392943771103253E-14
60.00000000000003,40.0,1.3915514075512986E-14
60.00000000000003,40.0,1.3901604357829188E-14
60.00000000000003,40.0,1.3887708544069096E-14
60.00000000000003,40.0,1.387382662033458E-14
60.00000000000003,40.0,1.3859958572741399E-14
60.00000000000003,40.0,1.384610438741919E-14
60.00000000000003,40.0,1.3832264050511457E-14
60.00000000000003,40.0,1.3818437548175554E-14
60.00000000000003,40.0,1.3804624866582674E-14
60.00000000000003,40.0,1.3790825991917828E-14
60.00000000000003,40.0,1.3777040910379841E-14
60.00000000000003,40.0,1.3763269608181331E-14
60.00000000000003,40.0,1.3749512071548697E-14
60.00000000000003,40.0,1.373576828672211E-14
60.00000000000003,40.0,1.3722038239955489E-14
60.00000000000003,40.0,1.3708321917516499E-14
60.00000000000003,40.0,1.3694619305686527E-14
60.00000000000003,40.0,1.3680930390760676E-14
60.00000000000003,40.0,1.3667255159047747E-14
60.00000000000003,40.0,1.3653593596870228E-14
60.00000000000003,40.0,1.3639945690564275E-14
60.00000000000003,40.0,1.3626311426479706E-14
60.00000000000003,40.0,1.3612690790979983E-14
60.00000000000003,40.0,1.3599083770442197E-14
60.00000000000003,40.0,1.3585490351257057E-14
60.00000000000003,40.0,1.3571910519828876E-14
60.00000000000003,40.0,1.3558344262575558E-14
60.00000000000003,40.0,1.354479156592858E-14
60.00000000000003,40.0,1.3531252416332987E-14
60.00000000000003,40.0,1.3517726800247369E-14
60.00000000000003,40.0,1.3504214704143854E-14
60.00000000000003,40.0,1.349071611450809E-14
60.00000000000003,40.0,1.3477231017839239E-14
60.00000000000003,40.0,1.346375940064995E-14
60.00000000000003,40.0,1.3450301249466362E-14
60.00000000000003,40.0,1.3436856550828075E-14
60.00000000000003,40.0,1.342342529128815E-14
60.00000000000003,40.0,1.3410007457413084E-14
60.00000000000003,40.0,1.3396603035782806E-14
60.00000000000003,40.0,1.3383212012990658E-14
60.00000000000003,40.0,1.3369834375643384E-14
60.00000000000003,40.0,1.3356470110361113E-14
60.00000000000003,40.0,1.334311920377735E-14
60.00000000000003,40.0,1.3329781642538963E-14
60.00000000000003,40.0,1.3316457413306164E-14
60.00000000000003,40.0,1.33031465027525E-14
60.00000000000003,40.0,1.3289848897564841E-14
60.00000000000003,40.0,1.3276564584443363E-14
60.00000000000003,40.0,1.3263293550101536E-14
60.00000000000003,40.0,1.3250035781266112E-14
60.00000000000003,40.0,1.323679126467711E-14
60.00000000000003,40.0,1.3223559987087804E-14
60.00000000000003,40.0,1.3210341935264707E-14
60.00000000000003,40.0,1.3197137095987564E-14
60.00000000000003,40.0,1.3183945456049333E-14
60.00000000000003,40.0,1.3170767002256172E-14
60.00000000000003,40.0,1.3157601721427428E-14
60.00000000000003,40.0,1.3144449600395625E-14
60.00000000000003,40.0,1.3131310626006448E-14
60.00000000000003,40.0,1.3118184785118728E-14
60.00000000000003,40.0,1.3105072064604437E-14
60.00000000000003,40.0,1.3091972451348666E-14
60.00000000000003,40.0,1.3078885932249615E-14
60.00000000000003,40.0,1.3065812494218582E-14
60.00000000000003,40.0,1.3052752124179948E-14
60.00000000000003,40.0,1.3039704809071165E-14
60.00000000000003,40.0,1.302667053584274E-14
60.00000000000003,40.0,1.3013649291458224E-14
60.00000000000003,40.0,1.3000641062894202E-14
60.00000000000003,40.0,1.2987645837140275E-14
60.00000000000003,40.0,1.2974663601199048E-14
60.00000000000003,40.0,1.296169434208612E-14
60.00000000000003,40.0,1.2948738046830069E-14
60.00000000000003,40.0,1.2935794702472436E-14
60.00000000000003,40.0,1.2922864296067718E-14
60.00000000000003,40.0,1.2909946814683351E-14
60.00000000000003,40.0,1.2897042245399699E-14
60.00000000000003,40.0,1.288415057531004E-14
60.00000000000003,40.0,1.2871271791520553E-14
60.00000000000003,40.0,1.2858405881150304E-14
60.00000000000003,40.0,1.2845552831331238E-14
60.00000000000003,40.0,1.283271262920816E-14
60.00000000000003,40.0,1.2819885261938726E-14
60.00000000000003,40.0,1.2807070716693428E-14
60.00000000000003,40.0,1.2794268980655583E-14
60.00000000000003,40.0,1.2781480041021318E-14
60.00000000000003,40.0,1.2768703884999562E-14
60.00000000000003,40.0,1.2755940499812027E-14
60.00000000000003,40.0,1.2743189872693196E-14
60.00000000000003,40.0,1.2730451990890317E-14
60.00000000000003,40.0,1.2717726841663382E-14
60.00000000000003,40.0,1.2705014412285119E-14
60.00000000000003,40.0,1.2692314690040977E-14
60.00000000000003,40.0,1.2679627662229116E-14
60.00000000000003,40.0,1.266695331616039E-14
60.00000000000003,40.0,1.265429163915834E-14
60.00000000000003,40.0,1.2641642618559175E-14
60.00000000000003,40.0,1.2629006241711765E-14
60.00000000000003,40.0,1.2616382495977624E-14
60.00000000000003,40.0,1.2603771368730902E-14
60.00000000000003,40.0,1.2591172847358365E-14
60.00000000000003,40.0,1.2578586919259393E-14
60.00000000000003,40.0,1.2566013571845955E-14
60.00000000000003,40.0,1.2553452792542608E-14
60.00000000000003,40.0,1.2540904568786475E-14
60.00000000000003,40.0,1.252836888802724E-14
60.00000000000003,40.0,1.2515845737727131E-14
60.00000000000003,40.0,1.2503335105360907E-14
60.00000000000003,40.0,1.249083697841585E-14
60.00000000000003,40.0,1.2478351344391747E-14
60.00000000000003,40.0,1.2465878190800882E-14
60.00000000000003,40.0,1.2453417505168019E-14
60.00000000000003,40.0,1.2440969275030393E-14
60.00000000000003,40.0,1.24285334879377E-14
60.00000000000003,40.0,1.2416110131452074E-14
60.00000000000003,40.0,1.2403699193148088E-14
60.00000000000003,40.0,1.2391300660612733E-14
60.00000000000003,40.0,1.2378914521445408E-14
60.00000000000003,40.0,1.2366540763257907E-14
60.00000000000003,40.0,1.2354179373674408E-14
60.00000000000003,40.0,1.2341830340331457E-14
60.00000000000003,40.0,1.2329493650877962E-14
60.00000000000003,40.0,1.2317169292975176E-14
60.00000000000003,40.0,1.2304857254296684E-14
60.00000000000003,40.0,1.2292557522528393E-14
60.00000000000003,40.0,1.2280270085368518E-14
60.00000000000003,40.0,1.2267994930527573E-14
60.00000000000003,40.0,1.2255732045728356E-14
60.00000000000003,40.0,1.2243481418705935E-14
60.00000000000003,40.0,1.223124303720764E-14
60.00000000000003,40.0,1.2219016888993047E-14
60.00000000000003,40.0,1.2206802961833968E-14
60.00000000000003,40.0,1.2194601243514438E-14
60.00000000000003,40.0,1.2182411721830704E-14
60.00000000000003,40.0,1.217023438459121E-14
60.00000000000003,40.0,1.2158069219616588E-14
60.00000000000003,40.0,1.2145916214739641E-14
60.00000000000003,40.0,1.2133775357805338E-14
60.00000000000003,40.0,1.2121646636670795E-14
60.00000000000003,40.0,1.210953003920527E-14
60.00000000000003,40.0,1.2097425553290141E-14
60.00000000000003,40.0,1.2085333166818905E-14
60.00000000000003,40.0,1.2073252867697158E-14
60.00000000000003,40.0,1.2061184643842583E-14
60.00000000000003,40.0,1.2049128483184946E-14
60.00000000000003,40.0,1.2037084373666073E-14
60.00000000000003,40.0,1.2025052303239845E-14
60.00000000000003,40.0,1.2013032259872183E-14
60.00000000000003,40.0,1.2001024231541041E-14
60.00000000000003,40.0,1.1989028206236385E-14
60.00000000000003,40.0,1.1977044171960189E-14
60.00000000000003,40.0,1.1965072116726419E-14
60.00000000000003,40.0,1.1953112028561023E-14
60.00000000000003,40.0,1.1941163895501918E-14
60.00000000000003,40.0,1.1929227705598976E-14
60.00000000000003,40.0,1.1917303446914016E-14
60.00000000000003,40.0,1.190539110752079E-14
60.00000000000003,40.0,1.1893490675504971E-14
60.00000000000003,40.0,1.1881602138964143E-14
60.00000000000003,40.0,1.1869725486007785E-14
60.00000000000003,40.0,1.1857860704757262E-14
60.00000000000003,40.0,1.1846007783345812E-14
60.00000000000003,40.0,1.1834166709918538E-14
60.00000000000003,40.0,1.1822337472632392E-14
60.00000000000003,40.0,1.1810520059656161E-14
60.00000000000003,40.0,1.1798714459170461E-14
60.00000000000003,40.0,1.1786920659367722E-14
60.00000000000003,40.0,1.1775138648452175E-14
60.00000000000003,40.0,1.1763368414639846E-14
60.00000000000003,40.0,1.1751609946158537E-14
60.00000000000003,40.0,1.1739863231247815E-14
60.00000000000003,40.0,1.1728128258159009E-14
60.00000000000003,40.0,1.1716405015155185E-14
60.00000000000003,40.0,1.1704693490511146E-14
60.00000000000003,40.0,1.1692993672513413E-14
60.00000000000003,40.0,1.1681305549460216E-14
60.00000000000003,40.0,1.1669629109661482E-14
60.00000000000003,40.0,1.1657964341438822E-14
60.00000000000003,40.0,1.1646311233125523E-14
60.00000000000003,40.0,1.1634669773066531E-14
60.00000000000003,40.0,1.1623039949618446E-14
60.00000000000003,40.0,1.1611421751149501E-14
60.00000000000003,40.0,1.1599815166039563E-14
60.00000000000003,40.0,1.1588220182680107E-14
60.00000000000003,40.0,1.1576636789474217E-14
60.00000000000003,40.0,1.1565064974836566E-14
60.00000000000003,40.0,1.155350472719341E-14
60.00000000000003,40.0,1.1541956034982572E-14
60.00000000000003,40.0,1.1530418886653434E-14
60.00000000000003,40.0,1.151889327066692E-14
60.00000000000003,40.0,1.1507379175495495E-14
60.00000000000003,40.0,1.149587658962314E-14
60.00000000000003,40.0,1.1484385501545351E-14
60.00000000000003,40.0,1.1472905899769122E-14
60.00000000000003,40.0,1.1461437772812937E-14
60.00000000000003,40.0,1.1449981109206754E-14
60.00000000000003,40.0,1.1438535897492001E-14
60.00000000000003,40.0,1.1427102126221555E-14
60.00000000000003,40.0,1.1415679783959736E-14
60.00000000000003,40.0,1.1404268859282298E-14
60.00000000000003,40.0,1.1392869340776411E-14
60.00000000000003,40.0,1.1381481217040656E-14
60.00000000000003,40.0,1.1370104476685008E-14
60.00000000000003,40.0,1.1358739108330829E-14
60.00000000000003,40.0,1.1347385100610854E-14
60.00000000000003,40.0,1.1336042442169181E-14
60.00000000000003,40.0,1.132471112166126E-14
60.00000000000003,40.0,1.131339112775388E-14
60.00000000000003,40.0,1.1302082449125158E-14
60.00000000000003,40.0,1.1290785074464529E-14
60.00000000000003,40.0,1.1279498992472732E-14
60.00000000000003,40.0,1.1268224191861805E-14
60.00000000000003,40.0,1.1256960661355063E-14
60.00000000000003,40.0,1.1245708389687097E-14
60.00000000000003,40.0,1.123446736560376E-14
60.00000000000003,40.0,1.1223237577862152E-14
60.00000000000003,40.0,1.121201901523061E-14
60.00000000000003,40.0,1.1200811666488701E-14
60.00000000000003,40.0,1.1189615520427205E-14
60.00000000000003,40.0,1.117843056584811E-14
60.00000000000003,40.0,1.1167256791564593E-14
60.00000000000003,40.0,1.1156094186401017E-14
60.00000000000003,40.0,1.1144942739192915E-14
60.00000000000003,40.0,1.1133802438786977E-14
60.00000000000003,40.0,1.1122673274041046E-14
60.00000000000003,40.0,1.11115552338241E-14
60.00000000000003,40.0,1.1100448307016244E-14
60.00000000000003,40.0,1.1089352482508697E-14
60.00000000000003,40.0,1.1078267749203785E-14
60.00000000000003,40.0,1.1067194096014925E-14
60.00000000000003,40.0,1.1056131511866615E-14
60.00000000000003,40.0,1.1045079985694426E-14
60.00000000000003,40.0,1.1034039506444987E-14
60.00000000000003,40.0,1.1023010063075978E-14
60.00000000000003,40.0,1.1011991644556115E-14
60.00000000000003,40.0,1.1000984239865141E-14
60.00000000000003,40.0,1.0989987837993816E-14
60.00000000000003,40.0,1.0979002427943903E-14
60.00000000000003,40.0,1.0968027998728157E-14
60.00000000000003,40.0,1.095706453937032E-14
60.00000000000003,40.0,1.0946112038905103E-14
60.00000000000003,40.0,1.0935170486378179E-14
60.00000000000003,40.0,1.0924239870846168E-14
60.00000000000003,40.0,1.0913320181376633E-14
60.00000000000003,40.0,1.0902411407048061E-14
60.00000000000003,40.0,1.0891513536949859E-14
60.00000000000003,40.0,1.0880626560182337E-14
60.00000000000003,40.0,1.0869750465856703E-14
60.00000000000003,40.0,1.0858885243095048E-14
60.00000000000003,40.0,1.0848030881030336E-14
60.00000000000003,40.0,1.0837187368806394E-14
60.00000000000003,40.0,1.0826354695577903E-14
60.00000000000003,40.0,1.0815532850510378E-14
60.00000000000003,40.0,1.0804721822780172E-14
60.00000000000003,40.0,1.0793921601574453E-14
60.00000000000003,40.0,1.0783132176091198E-14
60.00000000000003,40.0,1.077235353553918E-14
60.00000000000003,40.0,1.0761585669137961E-14
60.00000000000003,40.0,1.0750828566117877E-14
60.00000000000003,40.0,1.0740082215720033E-14
60.00000000000003,40.0,1.0729346607196284E-14
60.00000000000003,40.0,1.071862172980923E-14
60.00000000000003,40.0,1.0707907572832204E-14
60.00000000000003,40.0,1.0697204125549262E-14
60.00000000000003,40.0,1.0686511377255171E-14
60.00000000000003,40.0,1.0675829317255398E-14
60.00000000000003,40.0,1.0665157934866102E-14
60.00000000000003,40.0,1.065449721941412E-14
60.00000000000003,40.0,1.0643847160236957E-14
60.00000000000003,40.0,1.0633207746682778E-14
60.00000000000003,40.0,1.0622578968110393E-14
60.00000000000003,40.0,1.0611960813889252E-14
60.00000000000003,40.0,1.0601353273399428E-14
60.00000000000003,40.0,1.0590756336031612E-14
60.00000000000003,40.0,1.0580169991187095E-14
60.00000000000003,40.0,1.056959422827777E-14
60.00000000000003,40.0,1.0559029036726108E-14
60.00000000000003,40.0,1.0548474405965155E-14
60.00000000000003,40.0,1.053793032543852E-14
60.00000000000003,40.0,1.0527396784600361E-14
60.00000000000003,40.0,1.0516873772915382E-14
60.00000000000003,40.0,1.0506361279858816E-14
60.00000000000003,40.0,1.0495859294916413E-14
60.00000000000003,40.0,1.0485367807584439E-14
60.00000000000003,40.0,1.0474886807369656E-14
60.00000000000003,40.0,1.0464416283789313E-14
60.00000000000003,40.0,1.045395622637114E-14
60.00000000000003,40.0,1.0443506624653336E-14
60.00000000000003,40.0,1.0433067468184556E-14
60.00000000000003,40.0,1.04226387465239E-14
60.00000000000003,40.0,1.0412220449240907E-14
60.00000000000003,40.0,1.0401812565915542E-14
60.00000000000003,40.0,1.0391415086138186E-14
60.00000000000003,40.0,1.0381027999509624E-14
60.00000000000003,40.0,1.0370651295641034E-14
60.00000000000003,40.0,1.0360284964153984E-14
60.00000000000003,40.0,1.0349928994680413E-14
60.00000000000003,40.0,1.033958337686262E-14
60.00000000000003,40.0,1.0329248100353266E-14
60.00000000000003,40.0,1.0318923154815348E-14
60.00000000000003,40.0,1.0308608529922197E-14
60.00000000000003,40.0,1.0298304215357467E-14
60.00000000000003,40.0,1.0288010200815126E-14
60.00000000000003,40.0,1.027772647599944E-14
60.00000000000003,40.0,1.0267453030624971E-14
60.00000000000003,40.0,1.0257189854416557E-14
60.00000000000003,40.0,1.0246936937109312E-14
60.00000000000003,40.0,1.0236694268448607E-14
60.00000000000003,40.0,1.0226461838190063E-14
60.00000000000003,40.0,1.0216239636099545E-14
60.00000000000003,40.0,1.0206027651953143E-14
60.00000000000003,40.0,1.019582587553717E-14
60.00000000000003,40.0,1.0185634296648148E-14
60.00000000000003,40.0,1.0175452905092798E-14
60.00000000000003,40.0,1.016528169068803E-14
60.00000000000003,40.0,1.0155120643260931E-14
60.00000000000003,40.0,1.014496975264876E-14
60.00000000000003,40.0,1.0134829008698932E-14
60.00000000000003,40.0,1.012469840126901E-14
60.00000000000003,40.0,1.01145779202267E-14
60.00000000000003,40.0,1.0104467555449828E-14
60.00000000000003,40.0,1.0094367296826345E-14
60.00000000000003,40.0,1.0084277134254308E-14
60.00000000000003,40.0,1.0074197057641868E-14
60.00000000000003,40.0,1.0064127056907268E-14
60.00000000000003,40.0,1.0054067121978828E-14
60.00000000000003,40.0,1.0044017242794934E-14
60.00000000000003,40.0,1.003397740930403E-14
60.00000000000003,40.0,1.0023947611464609E-14
60.00000000000003,40.0,1.0013927839245198E-14
60.00000000000003,40.0,1.0003918082624354E-14
60.00000000000003,40.0,9.99391833159065E-15
60.00000000000003,40.0,9.983928576142666E-15
60.00000000000003,40.0,9.97394880628898E-15
60.00000000000003,40.0,9.963979012048158E-15
60.00000000000003,40.0,9.954019183448742E-15
60.00000000000003,40.0,9.944069310529241E-15
60.00000000000003,40.0,9.934129383338123E-15
60.00000000000003,40.0,9.924199391933803E-15
60.00000000000003,40.0,9.91427932638463E-15
60.00000000000003,40.0,9.904369176768885E-15
60.00000000000003,40.0,9.894468933174767E-15
60.00000000000003,40.0,9.884578585700379E-15
60.00000000000003,40.0,9.874698124453722E-15
60.00000000000003,40.0,9.86482753955269E-15
60.00000000000003,40.0,9.854966821125047E-15
60.00000000000003,40.0,9.845115959308432E-15
60.00000000000003,40.0,9.83527494425034E-15
60.00000000000003,40.0,9.825443766108111E-15
60.00000000000003,40.0,9.81562241504893E-15
60.00000000000003,40.0,9.805810881249805E-15
60.00000000000003,40.0,9.796009154897566E-15
60.00000000000003,40.0,9.786217226188853E-15
60.00000000000003,40.0,9.776435085330101E-15
60.00000000000003,40.0,9.766662722537539E-15
60.00000000000003,40.0,9.756900128037172E-15
60.00000000000003,40.0,9.747147292064779E-15
60.00000000000003,40.0,9.737404204865896E-15
60.00000000000003,40.0,9.72767085669581E-15
60.00000000000003,40.0,9.717947237819548E-15
60.00000000000003,40.0,9.70823333851187E-15
60.00000000000003,40.0,9.698529149057256E-15
60.00000000000003,40.0,9.688834659749897E-15
60.00000000000003,40.0,9.679149860893686E-15
60.00000000000003,40.0,9.669474742802209E-15
60.00000000000003,40.0,9.659809295798733E-15
60.00000000000003,40.0,9.6501535102162E-15
60.00000000000003,40.0,9.640507376397211E-15
60.00000000000003,40.0,9.630870884694025E-15
60.00000000000003,40.0,9.621244025468543E-15
60.00000000000003,40.0,9.611626789092296E-15
60.00000000000003,40.0,9.602019165946445E-15
60.00000000000003,40.0,9.592421146421766E-15
60.00000000000003,40.0,9.582832720918636E-15
60.00000000000003,40.0,9.57325387984703E-15
60.00000000000003,40.0,9.563684613626509E-15
60.00000000000003,40.0,9.55412491268621E-15
60.00000000000003,40.0,9.544574767464837E-15
60.00000000000003,40.0,9.535034168410653E-15
60.00000000000003,40.0,9.525503105981465E-15
60.00000000000003,40.0,9.515981570644622E-15
60.00000000000003,40.0,9.506469552877E-15
60.00000000000003,40.0,9.496967043164993E-15
60.00000000000003,40.0,9.487474032004506E-15
60.00000000000003,40.0,9.477990509900946E-15
60.00000000000003,40.0,9.468516467369206E-15
60.00000000000003,40.0,9.459051894933664E-15
60.00000000000003,40.0,9.449596783128168E-15
60.00000000000003,40.0,9.44015112249603E-15
60.00000000000003,40.0,9.430714903590013E-15
60.00000000000003,40.0,9.421288116972323E-15
60.00000000000003,40.0,9.4118707532146E-15
60.00000000000003,40.0,9.402462802897912E-15
60.00000000000003,40.0,9.393064256612736E-15
60.00000000000003,40.0,9.383675104958959E-15
60.00000000000003,40.0,9.374295338545863E-15
60.00000000000003,40.0,9.364924947992116E-15
60.00000000000003,40.0,9.355563923925766E-15
60.00000000000003,40.0,9.346212256984224E-15
60.00000000000003,40.0,9.336869937814265E-15
60.00000000000003,40.0,9.32753695707201E-15
60.00000000000003,40.0,9.318213305422923E-15
60.00000000000003,40.0,9.308898973541794E-15
60.00000000000003,40.0,9.29959395211274E-15
60.00000000000003,40.0,9.290298231829184E-15
60.00000000000003,40.0,9.281011803393858E-15
60.00000000000003,40.0,9.271734657518783E-15
60.00000000000003,40.0,9.262466784925265E-15
60.00000000000003,40.0,9.253208176343885E-15
60.00000000000003,40.0,9.24395882251449E-15
60.00000000000003,40.0,9.234718714186183E-15
60.00000000000003,40.0,9.225487842117314E-15
60.00000000000003,40.0,9.216266197075471E-15
60.00000000000003,40.0,9.207053769837469E-15
60.00000000000003,40.0,9.197850551189345E-15
60.00000000000003,40.0,9.188656531926345E-15
60.00000000000003,40.0,9.179471702852916E-15
60.00000000000003,40.0,9.170296054782697E-15
60.00000000000003,40.0,9.161129578538508E-15
60.00000000000003,40.0,9.151972264952343E-15
60.00000000000003,40.0,9.142824104865362E-15
60.00000000000003,40.0,9.133685089127877E-15
60.00000000000003,40.0,9.12455520859935E-15
60.00000000000003,40.0,9.115434454148375E-15
60.00000000000003,40.0,9.106322816652677E-15
60.00000000000003,40.0,9.097220286999096E-15
60.00000000000003,40.0,9.088126856083587E-15
60.00000000000003,40.0,9.079042514811199E-15
60.00000000000003,40.0,9.069967254096077E-15
60.00000000000003,40.0,9.060901064861447E-15
60.00000000000003,40.0,9.051843938039606E-15
60.00000000000003,40.0,9.042795864571914E-15
60.00000000000003,40.0,9.033756835408791E-15
60.00000000000003,40.0,9.024726841509698E-15
60.00000000000003,40.0,9.015705873843137E-15
60.00000000000003,40.0,9.006693923386633E-15
60.00000000000003,40.0,8.997690981126732E-15
60.00000000000003,40.0,8.98869703805899E-15
60.00000000000003,40.0,8.979712085187964E-15
60.00000000000003,40.0,8.970736113527201E-15
60.00000000000003,40.0,8.961769114099233E-15
60.00000000000003,40.0,8.952811077935563E-15
60.00000000000003,40.0,8.943861996076662E-15
60.00000000000003,40.0,8.934921859571953E-15
60.00000000000003,40.0,8.92599065947981E-15
60.00000000000003,40.0,8.917068386867541E-15
60.00000000000003,40.0,8.908155032811388E-15
60.00000000000003,40.0,8.899250588396506E-15
60.00000000000003,40.0,8.890355044716967E-15
60.00000000000003,40.0,8.881468392875742E-15
60.00000000000003,40.0,8.872590623984697E-15
60.00000000000003,40.0,8.863721729164584E-15
60.00000000000003,40.0,8.854861699545026E-15
60.00000000000003,40.0,8.846010526264517E-15
60.00000000000003,40.0,8.837168200470404E-15
60.00000000000003,40.0,8.82833471331889E-15
60.00000000000003,40.0,8.81951005597501E-15
60.00000000000003,40.0,8.810694219612637E-15
60.00000000000003,40.0,8.801887195414462E-15
60.00000000000003,40.0,8.793088974571994E-15
60.00000000000003,40.0,8.784299548285542E-15
60.00000000000003,40.0,8.775518907764214E-15
60.00000000000003,40.0,8.766747044225905E-15
60.00000000000003,40.0,8.757983948897286E-15
60.00000000000003,40.0,8.749229613013803E-15
60.00000000000003,40.0,8.740484027819657E-15
60.00000000000003,40.0,8.731747184567803E-15
60.00000000000003,40.0,8.723019074519943E-15
60.00000000000003,40.0,8.714299688946508E-15
60.00000000000003,40.0,8.705589019126659E-15
60.00000000000003,40.0,8.696887056348273E-15
60.00000000000003,40.0,8.688193791907936E-15
60.00000000000003,40.0,8.679509217110932E-15
60.00000000000003,40.0,8.670833323271236E-15
60.00000000000003,40.0,8.66216610171151E-15
60.00000000000003,40.0,8.653507543763084E-15
60.00000000000003,40.0,8.644857640765955E-15
60.00000000000003,40.0,8.636216384068778E-15
60.00000000000003,40.0,8.627583765028856E-15
60.00000000000003,40.0,8.618959775012127E-15
60.00000000000003,40.0,8.610344405393165E-15
60.00000000000003,40.0,8.60173764755516E-15
60.00000000000003,40.0,8.59313949288992E-15
60.00000000000003,40.0,8.584549932797856E-15
60.00000000000003,40.0,8.575968958687973E-15
60.00000000000003,40.0,8.567396561977867E-15
60.00000000000003,40.0,8.55883273409371E-15
60.00000000000003,40.0,8.550277466470248E-15
60.00000000000003,40.0,8.541730750550783E-15
60.00000000000003,40.0,8.533192577787173E-15
60.00000000000003,40.0,8.524662939639821E-15
60.00000000000003,40.0,8.516141827577669E-15
60.00000000000003,40.0,8.507629233078179E-15
60.00000000000003,40.0,8.499125147627338E-15
60.00000000000003,40.0,8.490629562719643E-15
60.00000000000003,40.0,8.482142469858088E-15
60.00000000000003,40.0,8.473663860554169E-15
60.00000000000003,40.0,8.465193726327859E-15
60.00000000000003,40.0,8.45673205870761E-15
60.00000000000003,40.0,8.448278849230345E-15
60.00000000000003,40.0,8.439834089441444E-15
60.00000000000003,40.0,8.431397770894736E-15
60.00000000000003,40.0,8.422969885152498E-15
60.00000000000003,40.0,8.414550423785434E-15
60.00000000000003,40.0,8.406139378372682E-15
60.00000000000003,40.0,8.397736740501793E-15
60.00000000000003,40.0,8.389342501768723E-15
60.00000000000003,40.0,8.380956653777837E-15
60.00000000000003,40.0,8.372579188141886E-15
60.00000000000003,40.0,8.364210096482008E-15
60.00000000000003,40.0,8.355849370427714E-15
60.00000000000003,40.0,8.347497001616884E-15
60.00000000000003,40.0,8.339152981695754E-15
60.00000000000003,40.0,8.330817302318914E-15
60.00000000000003,40.0,8.322489955149292E-15
60.00000000000003,40.0,8.314170931858152E-15
60.00000000000003,40.0,8.305860224125083E-15
60.00000000000003,40.0,8.297557823637992E-15
60.00000000000003,40.0,8.289263722093093E-15
60.00000000000003,40.0,8.280977911194898E-15
60.00000000000003,40.0,8.272700382656217E-15
60.00000000000003,40.0,8.264431128198137E-15
60.00000000000003,40.0,8.256170139550028E-15
60.00000000000003,40.0,8.247917408449521E-15
60.00000000000003,40.0,8.239672926642507E-15
60.00000000000003,40.0,8.23143668588313E-15
60.00000000000003,40.0,8.223208677933774E-15
60.00000000000003,40.0,8.21498889456506E-15
60.00000000000003,40.0,8.206777327555833E-15
60.00000000000003,40.0,8.198573968693154E-15
60.00000000000003,40.0,8.190378809772297E-15
60.00000000000003,40.0,8.182191842596735E-15
60.00000000000003,40.0,8.174013058978136E-15
60.00000000000003,40.0,8.165842450736352E-15
60.00000000000003,40.0,8.157680009699409E-15
60.00000000000003,40.0,8.149525727703506E-15
60.00000000000003,40.0,8.141379596593003E-15
60.00000000000003,40.0,8.133241608220405E-15
60.00000000000003,40.0,8.12511175444637E-15
60.00000000000003,40.0,8.116990027139684E-15
60.00000000000003,40.0,8.108876418177267E-15
60.00000000000003,40.0,8.100770919444157E-15
60.00000000000003,40.0,8.092673522833502E-15
60.00000000000003,40.0,8.084584220246554E-15
60.00000000000003,40.0,8.07650300359266E-15
60.00000000000003,40.0,8.068429864789259E-15
60.00000000000003,40.0,8.06036479576186E-15
60.00000000000003,40.0,8.052307788444053E-15
60.00000000000003,40.0,8.044258834777483E-15
60.00000000000003,40.0,8.036217926711855E-15
60.00000000000003,40.0,8.02818505620492E-15
60.00000000000003,40.0,8.020160215222466E-15
60.00000000000003,40.0,8.012143395738313E-15
60.00000000000003,40.0,8.004134589734305E-15
60.00000000000003,40.0,7.9961337892003E-15
60.00000000000003,40.0,7.988140986134161E-15
60.00000000000003,40.0,7.980156172541754E-15
60.00000000000003,40.0,7.972179340436931E-15
60.00000000000003,40.0,7.96421048184153E-15
60.00000000000003,40.0,7.956249588785362E-15
60.00000000000003,40.0,7.948296653306207E-15
60.00000000000003,40.0,7.9403516674498E-15
60.00000000000003,40.0,7.932414623269833E-15
60.00000000000003,40.0,7.924485512827937E-15
60.00000000000003,40.0,7.916564328193677E-15
60.00000000000003,40.0,7.908651061444547E-15
60.00000000000003,40.0,7.900745704665962E-15
60.00000000000003,40.0,7.892848249951244E-15
60.00000000000003,40.0,7.884958689401621E-15
60.00000000000003,40.0,7.877077015126218E-15
60.00000000000003,40.0,7.869203219242044E-15
60.00000000000003,40.0,7.86133729387399E-15
60.00000000000003,40.0,7.853479231154819E-15
60.00000000000003,40.0,7.845629023225156E-15
60.00000000000003,40.0,7.837786662233483E-15
60.00000000000003,40.0,7.829952140336133E-15
60.00000000000003,40.0,7.822125449697274E-15
60.00000000000003,40.0,7.814306582488911E-15
60.00000000000003,40.0,7.806495530890872E-15
60.00000000000003,40.0,7.798692287090803E-15
60.00000000000003,40.0,7.790896843284158E-15
60.00000000000003,40.0,7.783109191674191E-15
60.00000000000003,40.0,7.775329324471954E-15
60.00000000000003,40.0,7.76755723389628E-15
60.00000000000003,40.0,7.759792912173781E-15
60.00000000000003,40.0,7.752036351538842E-15
60.00000000000003,40.0,7.744287544233607E-15
60.00000000000003,40.0,7.736546482507975E-15
60.00000000000003,40.0,7.728813158619594E-15
60.00000000000003,40.0,7.72108756483385E-15
60.00000000000003,40.0,7.71336969342386E-15
60.00000000000003,40.0,7.705659536670464E-15
60.00000000000003,40.0,7.69795708686222E-15
60.00000000000003,40.0,7.690262336295394E-15
60.00000000000003,40.0,7.68257527727395E-15
60.00000000000003,40.0,7.674895902109546E-15
60.00000000000003,40.0,7.667224203121527E-15
60.00000000000003,40.0,7.659560172636914E-15
60.00000000000003,40.0,7.651903802990397E-15
60.00000000000003,40.0,7.64425508652433E-15
60.00000000000003,40.0,7.636614015588718E-15
60.00000000000003,40.0,7.628980582541218E-15
60.00000000000003,40.0,7.621354779747122E-15
60.00000000000003,40.0,7.613736599579355E-15
60.00000000000003,40.0,7.606126034418467E-15
60.00000000000003,40.0,7.598523076652623E-15
60.00000000000003,40.0,7.590927718677595E-15
60.00000000000003,40.0,7.58333995289676E-15
60.00000000000003,40.0,7.575759771721084E-15
60.00000000000003,40.0,7.568187167569121E-15
60.00000000000003,40.0,7.560622132867006E-15
60.00000000000003,40.0,7.553064660048441E-15
60.00000000000003,40.0,7.545514741554692E-15
60.00000000000003,40.0,7.53797236983458E-15
60.00000000000003,40.0,7.530437537344477E-15
60.00000000000003,40.0,7.522910236548292E-15
60.00000000000003,40.0,7.515390459917469E-15
60.00000000000003,40.0,7.507878199930976E-15
60.00000000000003,40.0,7.500373449075299E-15
60.00000000000003,40.0,7.492876199844438E-15
60.00000000000003,40.0,7.48538644473989E-15
60.00000000000003,40.0,7.477904176270651E-15
60.00000000000003,40.0,7.470429386953205E-15
60.00000000000003,40.0,7.462962069311514E-15
60.00000000000003,40.0,7.455502215877016E-15
60.00000000000003,40.0,7.448049819188614E-15
60.00000000000003,40.0,7.440604871792665E-15
60.00000000000003,40.0,7.433167366242983E-15
60.00000000000003,40.0,7.425737295100818E-15
60.00000000000003,40.0,7.41831465093486E-15
60.00000000000003,40.0,7.410899426321228E-15
60.00000000000003,40.0,7.40349161384346E-15
60.00000000000003,40.0,7.396091206092506E-15
60.00000000000003,40.0,7.388698195666725E-15
60.00000000000003,40.0,7.381312575171874E-15
60.00000000000003,40.0,7.373934337221098E-15
60.00000000000003,40.0,7.36656347443493E-15
60.00000000000003,40.0,7.359199979441275E-15
60.00000000000003,40.0,7.351843844875412E-15
60.00000000000003,40.0,7.344495063379977E-15
60.00000000000003,40.0,7.337153627604965E-15
60.00000000000003,40.0,7.329819530207713E-15
60.00000000000003,40.0,7.322492763852902E-15
60.00000000000003,40.0,7.315173321212543E-15
60.00000000000003,40.0,7.30786119496597E-15
60.00000000000003,40.0,7.300556377799839E-15
60.00000000000003,40.0,7.293258862408113E-15
60.00000000000003,40.0,7.285968641492059E-15
60.00000000000003,40.0,7.278685707760241E-15
60.00000000000003,40.0,7.271410053928509E-15
60.00000000000003,40.0,7.264141672719995E-15
60.00000000000003,40.0,7.256880556865105E-15
60.00000000000003,40.0,7.249626699101513E-15
60.00000000000003,40.0,7.24238009217415E-15
60.00000000000003,40.0,7.235140728835201E-15
60.00000000000003,40.0,7.227908601844094E-15
60.00000000000003,40.0,7.220683703967495E-15
60.00000000000003,40.0,7.213466027979302E-15
60.00000000000003,40.0,7.206255566660634E-15
60.00000000000003,40.0,7.199052312799827E-15
60.00000000000003,40.0,7.191856259192426E-15
60.00000000000003,40.0,7.184667398641176E-15
60.00000000000003,40.0,7.177485723956017E-15
60.00000000000003,40.0,7.170311227954077E-15
60.00000000000003,40.0,7.163143903459661E-15
60.00000000000003,40.0,7.155983743304251E-15
60.00000000000003,40.0,7.148830740326491E-15
60.00000000000003,40.0,7.141684887372184E-15
60.00000000000003,40.0,7.134546177294287E-15
60.00000000000003,40.0,7.127414602952896E-15
60.00000000000003,40.0,7.120290157215249E-15
60.00000000000003,40.0,7.113172832955711E-15
60.00000000000003,40.0,7.10606262305577E-15
60.00000000000003,40.0,7.0989595204040315E-15
60.00000000000003,40.0,7.091863517896205E-15
60.00000000000003,40.0,7.084774608435106E-15
60.00000000000003,40.0,7.077692784930642E-15
60.00000000000003,40.0,7.0706180402998074E-15
60.00000000000003,40.0,7.0635503674666774E-15
60.00000000000003,40.0,7.0564897593624005E-15
60.00000000000003,40.0,7.04943620892519E-15
60.00000000000003,40.0,7.042389709100319E-15
60.00000000000003,40.0,7.035350252840112E-15
60.00000000000003,40.0,7.028317833103938E-15
60.00000000000003,40.0,7.0212924428582045E-15
60.00000000000003,40.0,7.014274075076349E-15
60.00000000000003,40.0,7.0072627227388325E-15
60.00000000000003,40.0,7.000258378833133E-15
60.00000000000003,40.0,6.9932610363537376E-15
60.00000000000003,40.0,6.986270688302137E-15
60.00000000000003,40.0,6.9792873276868164E-15
60.00000000000003,40.0,6.972310947523251E-15
60.00000000000003,40.0,6.965341540833896E-15
60.00000000000003,40.0,6.958379100648181E-15
60.00000000000003,40.0,6.951423620002506E-15
60.00000000000003,40.0,6.944475091940228E-15
60.00000000000003,40.0,6.937533509511662E-15
60.00000000000003,40.0,6.9305988657740655E-15
60.00000000000003,40.0,6.923671153791638E-15
60.00000000000003,40.0,6.916750366635513E-15
60.00000000000003,40.0,6.909836497383748E-15
60.00000000000003,40.0,6.902929539121319E-15
60.00000000000003,40.0,6.896029484940116E-15
60.00000000000003,40.0,6.889136327938935E-15
60.00000000000003,40.0,6.8822500612234674E-15
60.00000000000003,40.0,6.875370677906298E-15
60.00000000000003,40.0,6.868498171106896E-15
60.00000000000003,40.0,6.861632533951608E-15
60.00000000000003,40.0,6.8547737595736515E-15
60.00000000000003,40.0,6.847921841113107E-15
60.00000000000003,40.0,6.841076771716913E-15
60.00000000000003,40.0,6.834238544538859E-15
60.00000000000003,40.0,6.827407152739577E-15
60.00000000000003,40.0,6.820582589486534E-15
60.00000000000003,40.0,6.813764847954029E-15
60.00000000000003,40.0,6.806953921323183E-15
60.00000000000003,40.0,6.800149802781933E-15
60.00000000000003,40.0,6.793352485525025E-15
60.00000000000003,40.0,6.786561962754008E-15
60.00000000000003,40.0,6.779778227677226E-15
60.00000000000003,40.0,6.7730012735098125E-15
60.00000000000003,40.0,6.766231093473683E-15
60.00000000000003,40.0,6.759467680797527E-15
60.00000000000003,40.0,6.752711028716804E-15
60.00000000000003,40.0,6.745961130473734E-15
60.00000000000003,40.0,6.739217979317293E-15
60.00000000000003,40.0,6.732481568503206E-15
60.00000000000003,40.0,6.725751891293936E-15
60.00000000000003,40.0,6.7190289409586846E-15
60.00000000000003,40.0,6.7123127107733794E-15
60.00000000000003,40.0,6.7056031940206696E-15
60.00000000000003,40.0,6.698900383989919E-15
60.00000000000003,40.0,6.6922042739771994E-15
60.00000000000003,40.0,6.6855148572852835E-15
60.00000000000003,40.0,6.678832127223639E-15
60.00000000000003,40.0,6.67215607710842E-15
60.00000000000003,40.0,6.6654867002624635E-15
60.00000000000003,40.0,6.658823990015279E-15
60.00000000000003,40.0,6.652167939703046E-15
60.00000000000003,40.0,6.6455185426686015E-15
60.00000000000003,40.0,6.638875792261441E-15
60.00000000000003,40.0,6.632239681837705E-15
60.00000000000003,40.0,6.625610204760176E-15
60.00000000000003,40.0,6.6189873543982715E-15
60.00000000000003,40.0,6.612371124128035E-15
60.00000000000003,40.0,6.605761507332134E-15
60.00000000000003,40.0,6.5991584973998474E-15
60.00000000000003,40.0,6.592562087727064E-15
60.00000000000003,40.0,6.585972271716274E-15
60.00000000000003,40.0,6.5793890427765616E-15
60.00000000000003,40.0,6.5728123943236E-15
60.00000000000003,40.0,6.566242319779642E-15
60.00000000000003,40.0,6.5596788125735194E-15
60.00000000000003,40.0,6.553121866140628E-15
60.00000000000003,40.0,6.546571473922928E-15
60.00000000000003,40.0,6.540027629368934E-15
60.00000000000003,40.0,6.5334903259337095E-15
60.00000000000003,40.0,6.5269595570788614E-15
60.00000000000003,40.0,6.5204353162725304E-15
60.00000000000003,40.0,6.513917596989388E-15
60.00000000000003,40.0,6.507406392710627E-15
60.00000000000003,40.0,6.500901696923956E-15
60.00000000000003,40.0,6.494403503123595E-15
60.00000000000003,40.0,6.487911804810266E-15
60.00000000000003,40.0,6.481426595491187E-15
60.00000000000003,40.0,6.474947868680067E-15
60.00000000000003,40.0,6.468475617897099E-15
60.00000000000003,40.0,6.4620098366689515E-15
60.00000000000003,40.0,6.4555505185287646E-15
60.00000000000003,40.0,6.4490976570161425E-15
60.00000000000003,40.0,6.4426512456771476E-15
60.00000000000003,40.0,6.4362112780642926E-15
60.00000000000003,40.0,6.429777747736535E-15
60.00000000000003,40.0,6.423350648259272E-15
60.00000000000003,40.0,6.416929973204332E-15
60.00000000000003,40.0,6.4105157161499666E-15
60.00000000000003,40.0,6.404107870680851E-15
60.00000000000003,40.0,6.397706430388069E-15
60.00000000000003,40.0,6.391311388869114E-15
60.00000000000003,40.0,6.384922739727876E-15
60.00000000000003,40.0,6.378540476574641E-15
60.00000000000003,40.0,6.3721645930260804E-15
60.00000000000003,40.0,6.365795082705247E-15
60.00000000000003,40.0,6.359431939241568E-15
60.00000000000003,40.0,6.353075156270838E-15
60.00000000000003,40.0,6.3467247274352135E-15
60.00000000000003,40.0,6.340380646383207E-15
60.00000000000003,40.0,6.334042906769677E-15
60.00000000000003,40.0,6.327711502255828E-15
60.00000000000003,40.0,6.3213864265091996E-15
60.00000000000003,40.0,6.3150676732036595E-15
60.00000000000003,40.0,6.308755236019401E-15
60.00000000000003,40.0,6.3024491086429335E-15
60.00000000000003,40.0,6.2961492847670775E-15
60.00000000000003,40.0,6.289855758090958E-15
60.00000000000003,40.0,6.283568522319999E-15
60.00000000000003,40.0,6.277287571165915E-15
60.00000000000003,40.0,6.2710128983467065E-15
60.00000000000003,40.0,6.2647444975866545E-15
60.00000000000003,40.0,6.258482362616313E-15
60.00000000000003,40.0,6.252226487172501E-15
60.00000000000003,40.0,6.2459768649983E-15
60.00000000000003,40.0,6.239733489843045E-15
60.00000000000003,40.0,6.23349635546232E-15
60.00000000000003,40.0,6.227265455617949E-15
60.00000000000003,40.0,6.221040784077992E-15
60.00000000000003,40.0,6.21482233461674E-15
60.00000000000003,40.0,6.208610101014706E-15
60.00000000000003,40.0,6.20240407705862E-15
60.00000000000003,40.0,6.196204256541422E-15
60.00000000000003,40.0,6.190010633262258E-15
60.00000000000003,40.0,6.183823201026471E-15
60.00000000000003,40.0,6.177641953645596E-15
60.00000000000003,40.0,6.171466884937354E-15
60.00000000000003,40.0,6.165297988725647E-15
60.00000000000003,40.0,6.15913525884055E-15
60.00000000000003,40.0,6.152978689118304E-15
60.00000000000003,40.0,6.146828273401312E-15
60.00000000000003,40.0,6.140684005538132E-15
60.00000000000003,40.0,6.134545879383472E-15
60.00000000000003,40.0,6.128413888798181E-15
60.00000000000003,40.0,6.122288027649246E-15
60.00000000000003,40.0,6.116168289809783E-15
60.00000000000003,40.0,6.110054669159034E-15
60.00000000000003,40.0,6.103947159582357E-15
60.00000000000003,40.0,6.097845754971225E-15
60.00000000000003,40.0,6.0917504492232145E-15
60.00000000000003,40.0,6.085661236242003E-15
60.00000000000003,40.0,6.0795781099373625E-15
60.00000000000003,40.0,6.0735010642251504E-15
60.00000000000003,40.0,6.0674300930273074E-15
60.00000000000003,40.0,6.0613651902718496E-15
60.00000000000003,40.0,6.0553063498928625E-15
60.00000000000003,40.0,6.049253565830495E-15
60.00000000000003,40.0,6.043206832030953E-15
60.00000000000003,40.0,6.037166142446494E-15
60.00000000000003,40.0,6.03113149103542E-15
60.00000000000003,40.0,6.025102871762073E-15
60.00000000000003,40.0,6.0190802785968286E-15
60.00000000000003,40.0,6.013063705516088E-15
60.00000000000003,40.0,6.007053146502275E-15
60.00000000000003,40.0,6.0010485955438275E-15
60.00000000000003,40.0,5.995050046635192E-15
60.00000000000003,40.0,5.98905749377682E-15
60.00000000000003,40.0,5.983070930975158E-15
60.00000000000003,40.0,5.977090352242645E-15
60.00000000000003,40.0,5.971115751597704E-15
60.00000000000003,40.0,5.965147123064738E-15
60.00000000000003,40.0,5.959184460674122E-15
60.00000000000003,40.0,5.953227758462199E-15
60.00000000000003,40.0,5.947277010471273E-15
60.00000000000003,40.0,5.9413322107496035E-15
60.00000000000003,40.0,5.935393353351399E-15
60.00000000000003,40.0,5.929460432336811E-15
60.00000000000003,40.0,5.923533441771929E-15
60.00000000000003,40.0,5.9176123757287725E-15
60.00000000000003,40.0,5.9116972282852885E-15
60.00000000000003,40.0,5.9057879935253425E-15
60.00000000000003,40.0,5.899884665538714E-15
60.00000000000003,40.0,5.89398723842109E-15
60.00000000000003,40.0,5.88809570627406E-15
60.00000000000003,40.0,5.882210063205107E-15
